11 12 2 1
21 22 12 11
31 32 22 21
41 42 32 31
51 52 42 41
61 62 52 51
71 72 62 61
81 82 72 71
91 92 82 81
12 13 3 2
22 23 13 12
32 33 23 22
42 43 33 32
52 53 43 42
62 63 53 52
72 73 63 62
82 83 73 72
92 93 83 82
13 14 4 3
23 24 14 13
33 34 24 23
43 44 34 33
53 54 44 43
63 64 54 53
73 74 64 63
83 84 74 73
93 94 84 83
14 15 5 4
24 25 15 14
34 35 25 24
44 45 35 34
54 55 45 44
64 65 55 54
74 75 65 64
84 85 75 74
94 95 85 84
15 16 6 5
25 26 16 15
35 36 26 25
45 46 36 35
55 56 46 45
65 66 56 55
75 76 66 65
85 86 76 75
95 96 86 85
16 17 7 6
26 27 17 16
36 37 27 26
46 47 37 36
56 57 47 46
66 67 57 56
76 77 67 66
86 87 77 76
96 97 87 86
17 18 8 7
27 28 18 17
37 38 28 27
47 48 38 37
57 58 48 47
67 68 58 57
77 78 68 67
87 88 78 77
97 98 88 87
18 19 9 8
28 29 19 18
38 39 29 28
48 49 39 38
58 59 49 48
68 69 59 58
78 79 69 68
88 89 79 78
98 99 89 88
19 20 10 9
29 30 20 19
39 40 30 29
49 50 40 39
59 60 50 49
69 70 60 59
79 80 70 69
89 90 80 79
99 100 90 89
